-4208.000000 3615.238525 -841.000000 4864 131
-1136.000000 3163.277344 -227.000000 3444 132
3028.000000 3150.409180 605.000000 3028 133
5772.000000 3399.787842 1154.000000 3028 134
7448.000000 3784.873535 1489.000000 3028 135
6388.000000 4032.495605 1277.000000 3028 136
6036.000000 4223.078613 1207.000000 5772 137
5460.000000 4340.740723 1092.000000 5772 138
5984.000000 4497.055664 1196.000000 5984 139
8028.000000 4832.936523 1605.000000 6036 140
7028.000000 5041.741699 1405.000000 6388 141
6836.000000 5212.420410 1367.000000 6388 142
4532.000000 5147.695312 906.000000 6036 143
716.000000 4726.130859 143.000000 5984 144
4552.000000 4709.566895 910.000000 5984 145
4352.000000 4675.553223 870.000000 4552 146
6524.000000 4851.386719 1304.000000 4552 147
904.000000 4475.892090 180.000000 4532 148
-4360.000000 3635.378662 -872.000000 4352 149
-1320.000000 3163.998779 -264.000000 904 150
3624.000000 3207.756348 724.000000 3624 151
2984.000000 3186.471436 596.000000 2984 152
6860.000000 3535.915527 1372.000000 2984 153
5096.000000 3684.318359 1019.000000 2984 154
5504.000000 3857.415527 1100.000000 3624 155
5004.000000 3966.484375 1000.000000 5004 156
4828.000000 4048.436035 965.000000 5004 157
4600.000000 4100.903320 920.000000 5004 158
5248.000000 4210.020996 1049.000000 5096 159
4788.000000 4265.000977 957.000000 5004 160
5120.000000 4346.332520 1024.000000 5004 161
5816.000000 4486.134277 1163.000000 5004 162
4356.000000 4473.755371 871.000000 4828 163
3484.000000 4379.604980 696.000000 4788 164
4908.000000 4429.868652 981.000000 4908 165
4624.000000 4448.335449 924.000000 4788 166
5384.000000 4537.340332 1076.000000 4908 167
5308.000000 4610.649414 1061.000000 4908 168
424.000000 4212.394531 84.000000 4624 169
-6528.000000 3190.715576 -1305.000000 4624 170
-1636.000000 2731.574707 -327.000000 4624 171
2112.000000 2672.637695 422.000000 2112 172
6508.000000 3037.476074 1301.000000 2112 173
4824.000000 3207.418945 964.000000 2112 174
4960.000000 3374.133057 992.000000 2112 175
4828.000000 3512.432129 965.000000 4824 176
4992.000000 3653.175781 998.000000 4828 177
5288.000000 3808.688232 1057.000000 4960 178
7380.000000 4148.409180 1476.000000 4992 179
7500.000000 4467.229004 1500.000000 4992 180
7320.000000 4738.598633 1464.000000 5288 181
4884.000000 4752.429688 976.000000 5288 182
3840.000000 4665.634766 768.000000 5288 183
2680.000000 4476.751465 536.000000 5288 184
3276.000000 4362.530273 655.000000 4884 185
3484.000000 4278.959961 696.000000 3840 186
1496.000000 4014.231201 299.000000 3484 187
892.000000 3717.229248 178.000000 3276 188
-2620.000000 3114.400879 -524.000000 2680 189
-4028.000000 2434.980713 -805.000000 1496 190
1840.000000 2378.383301 368.000000 1496 191
4292.000000 2560.416016 858.000000 1496 192
4988.000000 2791.339844 997.000000 1496 193
4368.000000 2941.319580 873.000000 1840 194
4008.000000 3042.787354 801.000000 4008 195
3784.000000 3113.295166 756.000000 4008 196
5680.000000 3357.452637 1136.000000 4292 197
6188.000000 3626.708252 1237.000000 4368 198
6644.000000 3913.727783 1328.000000 4988 199
7548.000000 4259.437500 1509.000000 5680 200
5536.000000 4380.870605 1107.000000 5680 201
3636.000000 4310.014648 727.000000 5680 202
3980.000000 4278.622070 796.000000 5680 203
3564.000000 4210.643555 712.000000 5536 204
3552.000000 4147.990234 710.000000 3980 205
4112.000000 4144.566895 822.000000 3980 206
2384.000000 3977.093018 476.000000 3636 207
-6403.000000 2689.378418 -1912.000000 3564 208
-5960.000000 1866.607056 -1192.000000 3552 209
-3476.000000 1358.392090 -695.000000 2384 210
-2236.000000 1016.475830 -447.000000 -2236 211
4860.000000 1382.090698 972.000000 -2236 212
5260.000000 1750.976440 1052.000000 -2236 213
4728.000000 2034.165527 945.000000 -2236 214
3408.000000 2164.851318 681.000000 3408 215
3484.000000 2290.335205 696.000000 3484 216
4184.000000 2470.469971 836.000000 4184 217
1120.000000 2342.006592 224.000000 4184 218
-1148.000000 2010.020020 -229.000000 3484 219
2772.000000 2082.503418 554.000000 3408 220
4776.000000 2338.722168 955.000000 3408 221
368.000000 2151.257324 73.000000 2772 222
1120.000000 2053.159180 224.000000 1120 223
1704.000000 2019.945435 340.000000 1120 224
1504.000000 1970.866211 300.000000 1504 225
1556.000000 1931.402100 311.000000 1556 226
3040.000000 2036.857422 608.000000 1556 227
-2456.000000 1609.474731 -491.000000 1504 228
-1480.000000 1315.588745 -296.000000 1504 229
1180.000000 1302.690918 236.000000 1504 230
3444.000000 1506.382812 688.000000 1504 231
2932.000000 1641.994507 586.000000 1556 232
2164.000000 1691.650269 432.000000 2164 233
2488.000000 1767.402954 497.000000 2164 234
2204.000000 1808.934204 440.000000 2204 235
8028.000000 2400.522217 1605.000000 2488 236
7108.000000 2848.320557 1421.000000 2932 237
6860.000000 3229.931152 1372.000000 2932 238
3908.000000 3294.432373 781.000000 3908 239
2372.000000 3206.686035 474.000000 3908 240
-404.000000 2863.219727 -80.000000 3908 241
704.000000 2657.824219 140.000000 3908 242
1304.000000 2529.041748 260.000000 2372 243
800.000000 2364.566895 160.000000 1304 244
636.000000 2200.137207 127.000000 800 245
-468.000000 1946.330933 -93.000000 704 246
-2172.000000 1554.575073 -434.000000 636 247
-1048.000000 1307.005371 -209.000000 636 248
-320.000000 1152.236572 -64.000000 -320 249
1536.000000 1188.742065 307.000000 -320 250
3304.000000 1389.955811 660.000000 -320 251
2020.000000 1449.888672 404.000000 -320 252
2176.000000 1518.959961 435.000000 1536 253
2160.000000 1579.938843 432.000000 2020 254
1216.000000 1545.319214 243.000000 2020 255
3668.000000 1747.239014 733.000000 2160 256
3200.000000 1885.432739 640.000000 2176 257
1524.000000 1851.051514 304.000000 2160 258
-84.000000 1666.979980 -16.000000 2160 259
224.000000 1529.716675 44.000000 1524 260
-684.000000 1319.137085 -136.000000 1216 261
552.000000 1246.163208 110.000000 552 262
1332.000000 1254.328369 266.000000 552 263
1336.000000 1262.097412 267.000000 552 264
1684.000000 1302.230835 336.000000 552 265
556.000000 1231.245728 111.000000 556 266
-228.000000 1092.435059 -45.000000 556 267
-1100.000000 883.879883 -220.000000 556 268
-1060.000000 698.968506 -212.000000 556 269
-4624.000000 192.621582 -924.000000 -228 270
-3412.000000 -150.267700 -682.000000 -1060 271
348.000000 -102.870026 69.000000 -1060 272
-80.000000 -100.694519 -16.000000 -1060 273
1800.000000 80.108871 360.000000 -1060 274
1844.000000 247.898849 368.000000 -80 275
420.000000 264.269958 84.000000 348 276
1280.000000 360.891174 256.000000 420 277
3140.000000 625.253662 628.000000 1280 278
5040.000000 1045.205933 1008.000000 1800 279
5808.000000 1498.266235 1161.000000 1844 280
3956.000000 1732.057983 791.000000 3140 281
-456.000000 1523.919189 -91.000000 3140 282
-3420.000000 1053.629395 -684.000000 3140 283
-3544.000000 616.280334 -708.000000 3140 284
-2796.000000 291.687500 -559.000000 -456 285
-2748.000000 2.537506 -549.000000 -2748 286
-1760.000000 -165.123703 -352.000000 -2748 287
-2112.000000 -350.320129 -422.000000 -2748 288
-8212.000000 -1098.161621 -1642.000000 -2796 289
-8928.000000 -1842.974365 -1785.000000 -2796 290
-7124.000000 -2345.331543 -1424.000000 -2796 291
-156.000000 -2137.071533 -31.000000 -2748 292
2308.000000 -1714.234497 461.000000 -2112 293
1336.000000 -1424.081299 267.000000 -2112 294
384.000000 -1252.087769 76.000000 -156 295
448.000000 -1090.367065 89.000000 384 296
2208.000000 -776.610229 441.000000 448 297
1260.000000 -582.877869 252.000000 1260 298
2784.000000 -262.603912 556.000000 1336 299
