-1499.850464 125
-2876.512207 126
-3543.479248 127
-3511.947266 128
-3483.414795 129
-2929.462891 130
-1751.677368 131
-405.880859 132
693.561523 133
1326.564453 134
1897.069946 135
1954.804077 136
1487.664307 137
939.776794 138
69.975891 139
-1139.439941 140
-2294.309570 141
-2881.961914 142
-2904.224854 143
-2613.882324 144
-1948.589844 145
-1065.774658 146
122.313965 147
1297.837646 148
2199.827393 149
2490.165039 150
2258.234863 151
2055.216064 152
1670.605469 153
399.869385 154
-906.373413 155
-1520.654541 156
-1797.976562 157
-1488.822876 158
-961.752625 159
46.357666 160
1423.161621 161
2553.325195 162
3304.686035 163
4131.446289 164
4363.984375 165
4127.314941 166
3539.127686 167
2089.126465 168
677.746094 169
27.686646 170
-263.365753 171
-382.141968 172
-80.201996 173
720.388428 174
2204.300049 175
3448.885742 176
3975.793457 177
3879.166260 178
3130.422363 179
1640.155396 180
32.149048 181
-1192.312988 182
-1341.058594 183
-1249.257446 184
-896.034180 185
-49.419250 186
1112.761719 187
2115.686279 188
2809.366943 189
2869.355957 190
2647.015137 191
1666.941650 192
322.737183 193
-812.553589 194
-817.447449 195
-366.037201 196
355.203400 197
1308.050293 198
2389.425293 199
3159.801514 200
3493.518555 201
3655.086426 202
3350.773682 203
2462.423828 204
1233.179443 205
-33.616089 206
-525.448364 207
-266.190338 208
234.755554 209
1071.592529 210
2064.354736 211
2969.149170 212
3187.066162 213
3011.744629 214
2422.375000 215
1392.517090 216
231.182983 217
-416.730164 218
-771.286377 219
-559.796448 220
69.150085 221
1026.377686 222
1913.096191 223
2683.123047 224
3146.655029 225
3270.825928 226
2730.628174 227
1694.658203 228
217.686279 229
-879.835083 230
-1095.974609 231
-931.220703 232
-464.041290 233
614.679077 234
1757.064697 235
2584.930664 236
2446.340332 237
1903.525146 238
812.297363 239
-680.050415 240
-1728.322021 241
-1839.777832 242
-1402.604858 243
-393.272095 244
728.942383 245
1595.630859 246
2150.053955 247
2215.685059 248
1398.021240 249
378.089905 250
-561.942993 251
-1118.809570 252
-1046.247437 253
-725.652954 254
-126.969788 255
781.945801 256
1990.608032 257
2995.259521 258
3559.991455 259
3503.297852 260
2710.783936 261
1653.871582 262
628.627563 263
-84.868958 264
-212.253677 265
62.491196 266
933.598389 267
1946.336426 268
3036.245605 269
3576.912109 270
3401.034424 271
2899.057129 272
1576.149658 273
102.460327 274
-1085.693481 275
-1488.862061 276
-1398.982178 277
-115.273193 278
853.029236 279
1695.738037 280
2660.329590 281
3130.595703 282
2835.081055 283
1994.264282 284
890.599976 285
-330.290161 286
-1146.244019 287
-1416.565796 288
-1350.305054 289
-810.537292 290
86.541687 291
1249.106689 292
1978.799805 293
2158.509766 294
2061.243652 295
991.540894 296
-488.558960 297
-1688.221191 298
-2471.268555 299