2524.000000 125
1840.000000 126
323.000000 127
589.000000 128
-1672.000000 129
-939.000000 130
-2692.000000 131
-1676.000000 132
696.000000 133
1070.000000 134
2241.000000 135
2240.000000 136
2284.000000 137
1171.000000 138
461.000000 139
-626.000000 140
-1286.000000 141
-2118.000000 142
-2552.000000 143
288.000000 144
1099.000000 145
1240.000000 146
2357.000000 147
2541.000000 148
2401.000000 149
1943.000000 150
-850.000000 151
726.000000 152
-637.000000 153
-2904.000000 154
-2352.000000 155
-1008.000000 156
390.000000 157
1193.000000 158
1774.000000 159
1960.000000 160
2241.000000 161
2628.000000 162
1878.000000 163
695.000000 164
-112.000000 165
-1696.000000 166
-1556.000000 167
-2418.000000 168
-1172.000000 169
528.000000 170
713.000000 171
1864.000000 172
2647.000000 173
2850.000000 174
2496.000000 175
2242.000000 176
2546.000000 177
5.000000 178
-1522.000000 179
-2382.000000 180
-2604.000000 181
-828.000000 182
260.000000 183
501.000000 184
2118.000000 185
2476.000000 186
2441.000000 187
876.000000 188
1108.000000 189
87.000000 190
447.000000 191
-602.000000 192
-2124.000000 193
-1766.000000 194
-712.000000 195
604.000000 196
1244.000000 197
1882.000000 198
2275.000000 199
2103.000000 200
2104.000000 201
728.000000 202
-368.000000 203
-399.000000 204
-2238.000000 205
-2205.000000 206
-335.000000 207
950.000000 208
1362.000000 209
1853.000000 210
2283.000000 211
2676.000000 212
2286.000000 213
934.000000 214
-381.000000 215
-1196.000000 216
-1911.000000 217
-2164.000000 218
-2477.000000 219
-717.000000 220
718.000000 221
1064.000000 222
1912.000000 223
2019.000000 224
2144.000000 225
2031.000000 226
1864.000000 227
221.000000 228
2130.000000 229
-968.000000 230
-1488.000000 231
-2040.000000 232
-1602.000000 233
402.000000 234
1068.000000 235
2200.000000 236
2515.000000 237
2405.000000 238
2214.000000 239
1207.000000 240
253.000000 241
-563.000000 242
-1419.000000 243
-2065.000000 244
-1605.000000 245
-140.000000 246
1354.000000 247
1639.000000 248
2047.000000 249
1644.000000 250
1618.000000 251
1246.000000 252
239.000000 253
-65.000000 254
-2041.000000 255
-1863.000000 256
-484.000000 257
575.000000 258
962.000000 259
1408.000000 260
2151.000000 261
1932.000000 262
1521.000000 263
1156.000000 264
652.000000 265
314.000000 266
-2404.000000 267
-2040.000000 268
-1928.000000 269
-72.000000 270
528.000000 271
1454.000000 272
1609.000000 273
1688.000000 274
1762.000000 275
1220.000000 276
445.000000 277
175.000000 278
-1006.000000 279
-2080.000000 280
-2055.000000 281
-1558.000000 282
169.000000 283
523.000000 284
884.000000 285
1468.000000 286
1415.000000 287
1111.000000 288
1424.000000 289
600.000000 290
-485.000000 291
-2118.000000 292
-2084.000000 293
-1114.000000 294
324.000000 295
990.000000 296
1609.000000 297
1688.000000 298
1573.000000 299
