17188.000000 128
15724.000000 129
8292.000000 130
1196.000000 131
-3372.000000 132
-6180.000000 133
-8552.000000 134
-13196.000000 135
-2508.000000 136
3376.000000 137
5324.000000 138
10564.000000 139
14192.000000 140
17356.000000 141
16544.000000 142
13456.000000 143
9772.000000 144
988.000000 145
-3396.000000 146
-7732.000000 147
-6588.000000 148
-840.000000 149
3644.000000 150
8636.000000 151
10908.000000 152
12208.000000 153
14124.000000 154
12560.000000 155
9956.000000 156
4332.000000 157
-584.000000 158
-9340.000000 159
-11068.000000 160
-1996.000000 161
-1524.000000 162
3056.000000 163
7812.000000 164
11508.000000 165
14180.000000 166
15368.000000 167
11444.000000 168
10656.000000 169
3572.000000 170
72.000000 171
-6696.000000 172
-7844.000000 173
-6176.000000 174
-3840.000000 175
5632.000000 176
8612.000000 177
11968.000000 178
15000.000000 179
15076.000000 180
11848.000000 181
8620.000000 182
12360.000000 183
1052.000000 184
-3304.000000 185
-10240.000000 186
-9972.000000 187
-3120.000000 188
4084.000000 189
5500.000000 190
8740.000000 191
15112.000000 192
15060.000000 193
15608.000000 194
8856.000000 195
5108.000000 196
-1320.000000 197
-5280.000000 198
-13536.000000 199
2696.000000 200
4728.000000 201
8880.000000 202
10892.000000 203
14308.000000 204
17112.000000 205
15600.000000 206
7784.000000 207
5804.000000 208
-560.000000 209
-5936.000000 210
-8996.000000 211
-2868.000000 212
2900.000000 213
6688.000000 214
10012.000000 215
13528.000000 216
14044.000000 217
13216.000000 218
10132.000000 219
4892.000000 220
1048.000000 221
-3092.000000 222
-8256.000000 223
-9444.000000 224
3412.000000 225
7656.000000 226
9120.000000 227
12744.000000 228
16256.000000 229
18084.000000 230
14168.000000 231
4348.000000 232
3828.000000 233
2396.000000 234
-7580.000000 235
-10948.000000 236
-4192.000000 237
6364.000000 238
7188.000000 239
10072.000000 240
12184.000000 241
18588.000000 242
14252.000000 243
10040.000000 244
2076.000000 245
-1684.000000 246
-9568.000000 247
-9360.000000 248
-5576.000000 249
6984.000000 250
8268.000000 251
11272.000000 252
14816.000000 253
20152.000000 254
15384.000000 255
8872.000000 256
5496.000000 257
1960.000000 258
-7980.000000 259
-8900.000000 260
-10448.000000 261
1676.000000 262
9380.000000 263
10020.000000 264
12420.000000 265
16552.000000 266
19272.000000 267
13004.000000 268
9892.000000 269
6964.000000 270
-3324.000000 271
-7840.000000 272
-9592.000000 273
-4324.000000 274
2464.000000 275
6624.000000 276
8128.000000 277
15516.000000 278
17540.000000 279
16580.000000 280
9852.000000 281
7252.000000 282
1448.000000 283
-2732.000000 284
-8876.000000 285
-11692.000000 286
-4056.000000 287
5240.000000 288
8432.000000 289
11368.000000 290
13996.000000 291
17540.000000 292
17800.000000 293
10404.000000 294
4040.000000 295
1148.000000 296
-3380.000000 297
-7736.000000 298
-8164.000000 299
